P0 0 0 120 120
P1 120 0 260 60
P2 120 60 180 160
P3 180 60 220 100
P4 220 60 260 140
P5 180 100 220 160
P6 120 160 220 200
P7 220 140 260 180
P8 0 120 40 160
P9 40 160 80 200
P10 40 120 120 160
P11 80 160 120 240
P12 0 160 40 240
P13 40 200 80 240
P14 120 200 260 240
P15 220 180 260 200
P16 0 240 60 280
P17 60 240 180 280
P18 180 240 200 260
P19 180 260 200 280
P20 200 240 240 280
P21 240 240 300 280
P22 260 160 300 240
P23 260 0 300 160
P24 140 280 260 320
P25 100 280 140 320
P26 -20 280 100 320
P27 260 280 300 320
P28 300 0 340 320
