P0 160 0 200 100
P1 200 0 360 40
P2 300 40 360 180
P3 160 160 300 200
P4 160 200 200 280
P5 160 280 360 320
P6 0 80 40 120
P7 40 0 100 120
P8 100 0 160 60
P9 120 60 160 260
P10 120 260 160 300
P11 80 300 160 320
P12 200 80 220 100
P13 220 80 260 160
P14 200 40 240 80
P15 240 60 300 80
P16 160 100 220 120
P17 180 120 220 160
P18 160 120 180 140
P19 160 140 180 160
P20 60 120 120 300
P21 300 180 340 280
P22 100 80 120 120
P23 100 60 120 80
P24 240 40 260 60
P25 260 40 300 60
P26 260 80 300 120
P27 280 120 300 160
P28 260 120 280 160
