P0 260 120 360 200
P1 300 200 480 320
P2 360 160 400 200
P3 400 120 460 200
P4 360 80 400 160
P5 400 80 600 120
P6 460 120 520 200
P7 480 200 560 380
P8 200 320 480 380
P9 240 200 300 320
P10 180 120 260 200
P11 160 200 240 260
P12 180 260 240 320
P13 140 260 180 460
P14 180 380 600 440
P15 520 160 580 200
P16 580 120 600 380
P17 560 340 580 380
P18 560 300 580 340
P19 560 260 580 300
P20 560 200 580 260
P21 60 80 360 120
P22 60 120 140 160
P23 140 120 180 200
P24 140 200 160 260
P25 100 160 140 300
P26 60 160 100 500
P27 100 460 240 500
P28 180 440 240 460
P29 240 440 280 500
P30 280 440 320 480
P31 320 440 360 480
P32 360 440 400 480
P33 400 440 440 500
P34 280 480 400 500
P35 60 500 500 560
P36 440 440 500 460
P37 440 460 500 500
P38 500 440 600 560
