P0 80 60 220 240
P1 220 120 580 180
P2 460 180 520 360
P3 160 240 220 420
P4 220 180 260 280
P5 220 280 460 340
P6 260 180 320 220
P7 260 220 320 280
P8 320 180 360 240
P9 320 240 400 280
P10 360 200 420 240
P11 400 240 460 280
P12 360 180 380 200
P13 380 180 420 200
P14 420 180 460 240
P15 220 340 260 380
P16 220 380 320 420
P17 260 360 320 380
P18 260 340 300 360
P19 300 340 320 360
P20 320 340 340 400
P21 320 400 520 420
P22 340 340 420 400
P23 420 340 460 380
P24 420 380 500 400
P25 460 360 500 380
P26 500 360 520 400
P27 520 180 580 420
