P0 0 0 140 40
P1 140 0 280 40
P2 100 40 180 80
P3 60 40 100 140
P4 180 40 220 140
P5 120 80 160 120
P6 100 80 120 180
P7 160 80 180 180
P8 120 120 140 140
P9 140 120 160 160
P10 120 140 140 180
P11 140 160 160 180
P12 80 180 200 220
P13 40 140 100 180
P14 180 140 240 180
P15 0 40 20 80
P16 20 40 60 120
P17 0 80 20 220
P18 20 120 60 140
P19 20 140 40 160
P20 20 160 40 200
P21 20 200 40 220
P22 40 180 80 220
P23 200 180 280 220
P24 240 80 260 180
P25 220 100 240 140
P26 220 40 240 100
P27 240 40 280 80
P28 260 80 280 120
P29 260 120 280 140
P30 260 140 280 180
