P0 200 160 240 200
P1 200 200 240 240
P2 200 240 240 280
P3 200 280 240 320
P4 200 320 240 360
P5 200 360 240 400
P6 300 160 340 200
P7 300 200 340 240
P8 300 240 340 280
P9 300 280 340 320
P10 300 320 340 360
P11 300 360 340 400
P12 240 120 300 440
P13 140 120 200 440
P14 340 120 420 440
P15 200 120 240 160
P16 300 120 340 160
P17 200 400 240 440
P18 300 400 340 440
P19 220 440 260 500
P20 260 440 280 500
P21 280 440 320 500
P22 160 440 220 500
P23 320 440 360 500
P24 120 440 160 500
P25 360 440 420 500
P26 240 500 420 540
P27 120 500 240 540
