P0 180 120 220 160
P1 180 160 220 240
P2 180 240 220 280
P3 220 220 260 260
P4 220 180 260 220
P5 220 140 260 180
P6 220 120 260 140
P7 220 260 260 280
P8 180 80 200 120
P9 200 80 240 120
P10 240 80 260 120
P11 180 280 200 340
P12 200 280 240 320
P13 240 280 260 340
P14 200 320 220 340
P15 220 320 240 340
P16 180 340 260 380
P17 260 320 300 360
P18 260 300 300 320
P19 260 260 300 280
P20 260 240 300 260
P21 260 200 300 240
P22 260 180 300 200
P23 260 160 300 180
P24 260 100 300 160
P25 260 80 300 100
P26 300 80 340 380
P27 260 360 300 380
